0,1
1,2
2,3
3
4
5,4
6,5
7
8
9,6
10,7
11,8
12,9
13,10
14,11
15
16
17,12
18,13
19
20
21,14
22,15
23,16
24,17
25,18
26,19
27
28
29,20
30,21
31
32
33,22
34,23
35,24
36,25
37,26
38,27
39
40
41,28
42,29
43
44
45,30
46,31
47,32
48,33
49,34
50,35
51
52
53,36
54,37
55
56
57,38
58,39
59,40
60,41
61,42
62,43
63
64
65,44
66,45
67
68
69,46
70,47
71,48
72,49
73,50
74,51
75
76
77,52
78,53
79
80
81,54
82,55
83,56
84,57
85,58
86,59
87
88
89,60
90,61
91
92
93,62
94,63
95,64
96,65
97,66
98,67
99
100
101,68
102,69
103
104
105,70
106,71
107,72
108,73
109,74
110,75
111
112
113,76
114,77
115
116
117,78
118,79
119,80
120,81
121,82
122,83
123
124
125,84
126,85
127
128
129,86
130,87
131,88
132,89
133,90
134,91
135
136
137,92
138,93
139
140
141,94
142,95
143,96
144
145
146
147
148
149
150
151
152
153
154
155
156
157
158
159
160
161
162
163
164
165
166
167
168
169
170,97
171,98
172,99
173
174
175,100
176,101
177,102
178
179
180
181
182,103
183,104
184,105
185
186
187,106
188,107
189,108
190
191
192
193
194,109
195,110
196,111
197
198
199,112
200,113
201,114
202
203
204
205
206,115
207,116
208,117
209
210
211,118
212,119
213,120
214
215
216
217
218,121
219,122
220,123
221
222
223,124
224,125
225,126
226
227
228
229
230,127
231,128
232,129
233
234
235,130
236,131
237,132
238
239
240
241
242,133
243,134
244,135
245
246
247,136
248,137
249,138
250
251
252
253
254,139
255,140
256,141
257
258
259,142
260,143
261,144
262
263
264
265
266,145
267,146
268,147
269
270
271,148
272,149
273,150
274
275
276
277
278,151
279,152
280,153
281
282
283,154
284,155
285,156
286
287
288
289
290,157
291,158
292,159
293
294
295,160
296,161
297,162
298
299