0,2
1,3
2,4
3
4,7
5,8
6,9
7
8,12
9,13
10,14
11
12,1
13
14,5
15
16,6
17
18,10
19
20,11
21
22,15
23
24
25
26
27
28
29
30
31
32
33
34
35
36,16
37
38,20
39
40,21
41
42,25
43
44,26
45
46,30
47
48,17
49,18
50,19
51
52,22
53,23
54,24
55
56,27
57,28
58,29
59
60
61
62
63
64
65
66
67
68
69
70
71
72,32
73,33
74,34
75
76,37
77,38
78,39
79
80,42
81,43
82,44
83
84,31
85
86,35
87
88,36
89
90,40
91
92,41
93
94,45
95
96
97
98
99
100
101
102
103
104
105
106
107
108,46
109
110,50
111
112,51
113
114,55
115
116,56
117
118,60
119
120,47
121,48
122,49
123
124,52
125,53
126,54
127
128,57
129,58
130,59
131
132
133
134
135
136
137
138
139
140
141
142
143
144
145
146
147
148
149
150
151
152
153
154
155
156,62
157,63
158,64
159
160,67
161,68
162,69
163
164,72
165,73
166,74
167
168,61
169
170,65
171
172,66
173
174,70
175
176,71
177
178,75
179
180
181
182
183
184
185
186
187
188
189
190
191
192,76
193
194,80
195
196,81
197
198,85
199
200,86
201
202,90
203
204,77
205,78
206,79
207
208,82
209,83
210,84
211
212,87
213,88
214,89
215
216
217
218
219
220
221
222
223
224
225
226
227
228,92
229,93
230,94
231
232,97
233,98
234,99
235
236,102
237,103
238,104
239
240,91
241
242,95
243
244,96
245
246,100
247
248,101
249
250,105
251
252
253
254
255
256
257
258
259
260
261
262
263
264,106
265
266,110
267
268,111
269
270,115
271
272,116
273
274,120
275
276,107
277,108
278,109
279
280,112
281,113
282,114
283
284,117
285,118
286,119
287
288
289
290
291
292
293
294
295
296
297
298
299