0,1
1,2
2
3,3
4,4
5
6,5
7,6
8
9,7
10,8
11
12,9
13,10
14
15,11
16,12
17
18,13
19,14
20
21,15
22,16
23
24,17
25,18
26
27,19
28,20
29
30,21
31,22
32
33,23
34,24
35
36,25
37,26
38
39,27
40,28
41
42,29
43,30
44
45,31
46,32
47
48,33
49,34
50
51,35
52,36
53
54,37
55,38
56
57,39
58,40
59
60,41
61,42
62
63,43
64,44
65
66,45
67,46
68
69,47
70,48
71
72,49
73,50
74
75,51
76,52
77
78,53
79,54
80
81,55
82,56
83
84,57
85,58
86
87,59
88,60
89
90,61
91,62
92
93,63
94,64
95
96,65
97,66
98
99,67
100,68
101
102,69
103,70
104
105,71
106,72
107
108,73
109,74
110
111,75
112,76
113
114,77
115,78
116
117,79
118,80
119
120,81
121,82
122
123,83
124,84
125
126,85
127,86
128
129,87
130,88
131
132,89
133,90
134
135,91
136,92
137
138,93
139,94
140
141,95
142,96
143
144
145
146
147
148
149
150
151
152
153
154
155
156
157,97
158,98
159,99
160
161,100
162,101
163,102
164
165,103
166,104
167,105
168
169,106
170,107
171,108
172
173,109
174,110
175,111
176
177,112
178,113
179,114
180
181,115
182,116
183,117
184
185,118
186,119
187,120
188
189,121
190,122
191,123
192
193,124
194,125
195,126
196
197,127
198,128
199,129
200
201,130
202,131
203,132
204
205,133
206,134
207,135
208
209,136
210,137
211,138
212
213,139
214,140
215,141
216
217,142
218,143
219,144
220
221,145
222,146
223,147
224
225,148
226,149
227,150
228
229,151
230,152
231,153
232
233,154
234,155
235,156
236
237,157
238,158
239,159
240
241,160
242,161
243,162
244
245,163
246,164
247,165
248
249,166
250,167
251,168
252
253,169
254,170
255,171
256
257,172
258,173
259,174
260
261,175
262,176
263,177
264
265,178
266,179
267,180
268
269,181
270,182
271,183
272
273,184
274,185
275,186
276
277,187
278,188
279,189
280
281,190
282,191
283,192
284
285,193
286,194
287,195
288
289,196
290,197
291,198
292
293,199
294,200
295,201
296
297,202
298,203
299,204